﻿ID,Start,End,Event,Order,Time,Treatment,Type,Discount,CumuCancel
1,0,2,1,1,2,0,A,3.5,0
1,2,4,1,2,2,0,A,3.5,0
1,4,5,1,3,1,1,A,3.5,1
1,5,10,1,4,5,1,A,3.5,1
1,10,22,1,5,12,1,A,4,1
1,22,29,1,6,7,1,A,4,2
1,29,40,1,7,11,1,A,5,2
1,40,70,1,8,30,1,A,5,3
1,70,100,1,9,30,1,A,5,4
1,100,120,0,10,20,1,A,5,4
2,0,10,1,1,10,0,B,2,0
2,10,33,1,2,23,0,B,2.3,2
2,33,120,0,3,87,0,B,2.6,4